0.08333
0.29167
0.375
0.20833
0.08333
0.29167
0.25
0.08333
0.20833
0.16667
0.08333
0.29167
0.33333
0.16667
0.125
0.33333
0.0
0.04167
0.375
0.08333
0.08333
0.125
0.29167
0.16667
0.25
0.16667
0.375
0.29167
0.25
0.20833
0.16667
0.08333
0.375
0.20833
0.04167
0.33333
0.25
0.41667
0.125
0.0
0.29167
0.08333
0.16667
0.125
0.0
0.25
0.125
0.33333
0.16667
0.16667
0.20833
0.04167
0.33333
0.0
0.08333
0.25
0.33333
0.08333
0.125
0.125
0.375
0.125
0.20833
0.20833
0.08333
0.41667
0.08333
0.16667
0.25
0.0
0.25
0.20833
0.08333
0.16667
0.25
0.33333
0.08333
0.08333
0.0
0.5
0.33333
0.125
0.29167
0.45833
0.0
0.33333
0.45833
0.25
0.04167
0.33333
0.45833
0.125
0.20833
0.125
0.25
0.25
0.08333
0.0
0.125
0.25
0.25
0.0
0.29167
0.125
0.29167
0.0
0.29167
0.125
0.0
0.20833
0.08333
0.16667
0.41667
0.08333
0.08333
0.0
0.08333
0.29167
0.0
0.08333
0.58333
0.16667
0.375
0.125
0.29167
0.0
0.33333
0.08333
0.33333
0.25
0.33333
0.08333
0.16667
0.33333
0.375
0.0
0.0
0.0
0.125
0.29167
0.125
0.0
0.0
0.41667
0.25
0.0
0.25
0.375
0.08333
0.29167
0.0
0.08333
0.125
0.0
0.20833
0.04167
0.125
0.20833
0.20833
0.20833
0.0
0.25
0.0
0.375
0.66667
0.16667
0.29167
0.375
0.16667
0.04167
0.29167
0.0
0.0
0.0
0.375
0.08333
0.08333
0.20833
0.20833
0.0
0.0
0.25
0.08333
0.0
0.33333
0.0
0.5
0.04167
0.125
0.20833
0.08333
0.20833
0.29167
0.16667
0.33333
0.04167
0.25
0.0
0.0
0.08333
0.0
0.08333
0.125
0.25
0.04167
0.0
0.0
0.33333
0.08333
0.16667
0.04167
0.04167
0.04167
0.375
0.0
0.0
0.08333
0.0
0.25
0.0
0.0
0.0
0.20833
0.41667
0.0
0.08333
0.0
0.0
0.08333
0.16667
0.0
0.0
0.20833
0.0
0.16667
0.08333
0.0
0.375
0.16667
0.08333
0.0
0.04167
0.04167
0.20833
0.0
0.0
0.04167
0.0
0.16667
0.375
0.0
0.04167
0.125
0.16667
0.33333
0.08333
0.33333
0.0
0.0
0.33333
0.25
0.08333
0.375
0.25
0.0
0.125
0.0
0.16667
0.0
0.29167
0.04167
0.04167
0.0
0.08333
0.0
0.20833
0.25
0.25
0.0
0.0
0.25
0.0
0.125
0.20833
0.16667
0.125
0.0
0.08333
0.54167
0.20833
0.0
0.20833
0.08333
0.16667
0.04167
0.04167
0.16667
0.08333
0.0
0.125
0.0
0.25
0.08333
0.33333
0.0
0.29167
0.33333
0.0
0.0
0.08333
0.33333
0.08333
0.08333
0.54167
0.04167
0.08333
0.0
0.04167
0.08333
0.20833
0.0
0.08333
0.33333
0.0
0.04167
0.125
0.125
0.125
0.125
0.08333
0.33333
0.16667
0.125
0.20833
0.125
0.0
0.16667
0.0
0.20833
0.375
0.0
0.0
0.0
0.04167
0.20833
0.0
0.125
0.08333
0.0
0.0
0.08333
0.0
0.41667
0.54167
0.08333
0.0
0.41667
0.0
0.08333
0.04167
0.16667
0.04167
0.29167
0.0
0.25
0.125
0.08333
0.125
0.20833
